# relative_time, cycles_done, cur_item, corpus_count, pending_total, pending_favs, map_size, saved_crashes, saved_hangs, max_depth, execs_per_sec, total_execs, edges_found
61, 0, 0, 294, 294, 2, 0.04%, 0, 0, 2, 264.04, 14182, 3596
66, 0, 0, 296, 296, 2, 0.04%, 0, 0, 2, 276.23, 15556, 3599
71, 0, 0, 297, 297, 2, 0.04%, 0, 0, 2, 266.08, 16963, 3599
76, 0, 0, 301, 301, 2, 0.04%, 0, 0, 2, 247.23, 18193, 3601
81, 0, 0, 301, 301, 2, 0.04%, 0, 0, 2, 270.47, 19628, 3601
86, 0, 0, 303, 303, 2, 0.04%, 0, 0, 2, 271.99, 21047, 3601
91, 0, 0, 304, 304, 2, 0.04%, 0, 0, 2, 235.30, 22211, 3601
96, 0, 0, 308, 308, 2, 0.04%, 0, 0, 2, 245.08, 23419, 3601
101, 0, 0, 326, 326, 2, 0.04%, 0, 0, 2, 250.99, 24731, 3607
107, 0, 0, 408, 408, 2, 0.04%, 0, 0, 2, 211.01, 25727, 3639
112, 0, 0, 454, 454, 2, 0.04%, 0, 0, 2, 236.39, 26959, 3658
117, 0, 0, 492, 492, 2, 0.04%, 0, 0, 2, 239.33, 28199, 3675
122, 0, 0, 516, 516, 2, 0.04%, 0, 0, 2, 272.05, 29447, 3685
127, 0, 0, 539, 539, 2, 0.04%, 0, 0, 2, 262.40, 30783, 3702
132, 0, 0, 558, 558, 2, 0.04%, 0, 0, 2, 267.01, 32111, 3713
137, 0, 0, 575, 575, 2, 0.04%, 0, 0, 2, 274.46, 33515, 3763
142, 0, 0, 595, 595, 2, 0.04%, 0, 0, 2, 272.13, 34895, 3771
147, 0, 0, 607, 607, 2, 0.05%, 0, 0, 2, 282.55, 36319, 3775
152, 0, 0, 625, 625, 2, 0.05%, 0, 0, 2, 269.47, 37665, 3780
157, 0, 0, 634, 634, 2, 0.05%, 0, 0, 2, 278.36, 39063, 3783
162, 0, 0, 650, 650, 2, 0.05%, 0, 0, 2, 267.71, 40406, 3799
167, 0, 0, 661, 661, 2, 0.05%, 0, 0, 2, 273.19, 41821, 3815
172, 0, 0, 673, 673, 2, 0.05%, 0, 0, 2, 280.49, 43222, 3816
178, 0, 0, 681, 681, 2, 0.05%, 0, 0, 2, 282.38, 44658, 3832
183, 0, 0, 689, 689, 2, 0.05%, 0, 0, 2, 288.97, 46123, 3836
188, 0, 0, 695, 695, 2, 0.05%, 0, 0, 2, 294.82, 47661, 3839
193, 0, 0, 703, 703, 2, 0.05%, 0, 0, 2, 286.34, 49117, 3839
198, 0, 0, 709, 709, 2, 0.05%, 0, 0, 2, 294.54, 50594, 3840
203, 0, 0, 714, 714, 2, 0.05%, 0, 0, 2, 295.09, 52124, 3840
208, 0, 0, 716, 716, 2, 0.05%, 0, 0, 2, 295.49, 53658, 3840
213, 0, 0, 729, 729, 2, 0.05%, 0, 0, 2, 286.15, 55079, 3893
218, 0, 0, 734, 734, 2, 0.05%, 0, 0, 2, 292.50, 56549, 3897
223, 0, 0, 741, 741, 2, 0.05%, 0, 0, 2, 292.02, 58033, 3897
228, 0, 0, 747, 747, 2, 0.05%, 0, 0, 2, 293.93, 59520, 3898
234, 0, 0, 748, 748, 2, 0.05%, 0, 0, 2, 299.38, 61067, 3898
239, 0, 0, 752, 752, 2, 0.05%, 0, 0, 2, 294.04, 62580, 3902
244, 0, 0, 757, 757, 2, 0.05%, 0, 0, 2, 286.32, 64010, 3906
249, 0, 0, 763, 763, 2, 0.05%, 0, 0, 2, 294.59, 65502, 3906
254, 0, 0, 765, 765, 2, 0.05%, 0, 0, 2, 275.01, 66871, 3910
259, 0, 0, 769, 769, 2, 0.05%, 0, 0, 2, 272.11, 68220, 3926
264, 0, 0, 771, 771, 2, 0.05%, 0, 0, 2, 276.04, 69604, 3933
269, 0, 0, 777, 777, 2, 0.05%, 0, 1, 2, 284.46, 70747, 3934
274, 0, 0, 778, 778, 2, 0.05%, 0, 1, 2, 282.40, 72194, 3934
280, 0, 0, 785, 785, 2, 0.05%, 0, 1, 2, 283.61, 73663, 3934
285, 0, 0, 789, 789, 2, 0.05%, 0, 1, 2, 282.94, 75126, 3934
290, 0, 0, 792, 792, 2, 0.05%, 0, 1, 2, 268.55, 76454, 3934
295, 0, 0, 796, 796, 2, 0.05%, 0, 1, 2, 279.14, 77905, 3934
300, 0, 0, 804, 804, 2, 0.05%, 0, 1, 2, 281.04, 79329, 3935
305, 0, 445, 812, 811, 159, 0.05%, 0, 1, 2, 303.34, 80963, 3935
310, 0, 445, 815, 814, 159, 0.05%, 0, 1, 3, 276.24, 82248, 3935
316, 0, 445, 820, 819, 159, 0.05%, 0, 1, 3, 302.06, 83816, 3938
321, 0, 445, 822, 821, 159, 0.05%, 0, 1, 3, 295.45, 85293, 3938
326, 0, 445, 823, 822, 159, 0.05%, 0, 1, 3, 305.37, 86886, 3938
331, 0, 445, 823, 822, 159, 0.05%, 0, 1, 3, 293.15, 88330, 3938
336, 0, 445, 824, 823, 159, 0.05%, 0, 1, 3, 289.05, 89777, 3938
341, 0, 445, 827, 826, 159, 0.05%, 0, 1, 3, 297.64, 91288, 3938
346, 0, 445, 833, 832, 159, 0.05%, 0, 1, 3, 298.11, 92815, 3938
351, 0, 445, 836, 835, 159, 0.05%, 0, 1, 3, 287.27, 94297, 3938
356, 0, 815, 840, 838, 152, 0.05%, 0, 1, 4, 281.33, 95567, 3939
361, 0, 815, 845, 843, 152, 0.05%, 0, 1, 4, 314.23, 97204, 3949
366, 0, 815, 845, 843, 152, 0.05%, 0, 1, 4, 317.64, 98764, 3949
371, 0, 815, 845, 843, 152, 0.05%, 0, 1, 4, 312.99, 100348, 3949
376, 0, 815, 848, 846, 152, 0.05%, 0, 1, 4, 307.53, 101893, 3949
381, 0, 815, 851, 849, 152, 0.05%, 0, 1, 4, 314.59, 103534, 3951
387, 0, 815, 852, 850, 152, 0.05%, 0, 1, 4, 299.08, 105114, 3951
392, 0, 815, 854, 852, 152, 0.05%, 0, 1, 4, 314.32, 106742, 3952
397, 0, 815, 857, 855, 152, 0.05%, 0, 1, 4, 308.11, 108349, 3952
402, 0, 843, 885, 882, 159, 0.05%, 0, 1, 5, 170.91, 109469, 4031
407, 0, 843, 929, 926, 159, 0.05%, 0, 1, 5, 166.34, 110286, 4172
412, 0, 843, 966, 963, 159, 0.05%, 0, 1, 5, 169.29, 111145, 4203
418, 0, 843, 1006, 1003, 159, 0.05%, 0, 1, 5, 181.13, 112108, 4240
423, 0, 843, 1041, 1038, 159, 0.05%, 0, 1, 5, 183.59, 113044, 4255
428, 0, 843, 1076, 1073, 159, 0.05%, 0, 1, 5, 178.26, 113946, 4280
433, 0, 843, 1093, 1090, 159, 0.05%, 0, 1, 5, 197.52, 114953, 4280
438, 0, 857, 1104, 1100, 179, 0.05%, 0, 1, 6, 216.29, 116015, 4282
443, 0, 857, 1118, 1114, 179, 0.05%, 0, 1, 6, 207.11, 117041, 4282
448, 0, 394, 1123, 1118, 178, 0.05%, 0, 1, 6, 203.99, 118092, 4282
453, 0, 817, 1138, 1132, 177, 0.05%, 0, 1, 6, 217.86, 119284, 4301
458, 0, 817, 1172, 1166, 177, 0.05%, 0, 1, 6, 198.03, 120273, 4358
463, 0, 884, 1186, 1179, 193, 0.05%, 0, 1, 6, 183.08, 121187, 4369
468, 0, 884, 1190, 1183, 193, 0.05%, 0, 1, 6, 168.00, 122022, 4377
474, 0, 884, 1195, 1188, 193, 0.05%, 0, 1, 6, 195.90, 123066, 4389
479, 0, 884, 1227, 1220, 193, 0.05%, 0, 1, 6, 180.58, 123914, 4482
484, 0, 884, 1227, 1220, 193, 0.05%, 0, 1, 6, 200.03, 124974, 4482
489, 0, 884, 1241, 1234, 193, 0.05%, 0, 1, 6, 195.90, 126000, 4488
494, 0, 884, 1260, 1253, 193, 0.05%, 0, 1, 6, 195.36, 127000, 4492
499, 0, 884, 1284, 1277, 193, 0.05%, 0, 1, 6, 196.46, 128005, 4518
504, 0, 884, 1305, 1298, 193, 0.05%, 0, 1, 6, 201.44, 129040, 4530
509, 0, 884, 1325, 1318, 193, 0.05%, 0, 1, 6, 205.80, 130107, 4569
515, 0, 884, 1338, 1331, 193, 0.05%, 0, 1, 6, 200.44, 131116, 4576
520, 0, 884, 1352, 1345, 193, 0.05%, 0, 1, 6, 189.25, 132075, 4577
525, 0, 884, 1368, 1361, 193, 0.05%, 0, 1, 6, 211.05, 133149, 4585
530, 0, 884, 1382, 1375, 193, 0.05%, 0, 1, 6, 216.10, 134267, 4594
535, 0, 884, 1394, 1387, 193, 0.05%, 0, 1, 6, 214.66, 135343, 4595
540, 0, 884, 1405, 1398, 193, 0.05%, 0, 1, 6, 214.37, 136436, 4602
545, 0, 884, 1412, 1405, 193, 0.05%, 0, 1, 6, 203.71, 137473, 4612
550, 0, 884, 1426, 1419, 193, 0.06%, 0, 1, 6, 204.49, 138527, 4616
555, 0, 884, 1431, 1424, 193, 0.06%, 0, 1, 6, 215.20, 139626, 4618
560, 0, 1424, 1438, 1430, 224, 0.06%, 0, 1, 6, 111.03, 140543, 4625
565, 0, 1424, 1444, 1436, 224, 0.06%, 0, 1, 7, 165.95, 141433, 4625
570, 0, 1424, 1459, 1451, 224, 0.06%, 0, 1, 7, 194.37, 142441, 4629
575, 0, 1424, 1467, 1459, 224, 0.06%, 0, 1, 7, 210.23, 143551, 4636
580, 0, 1424, 1474, 1466, 224, 0.06%, 0, 1, 7, 211.05, 144616, 4637
586, 0, 1424, 1478, 1470, 224, 0.06%, 0, 1, 7, 215.26, 145712, 4639
591, 0, 1424, 1489, 1481, 224, 0.06%, 0, 1, 7, 209.29, 146772, 4643
596, 0, 1424, 1498, 1490, 224, 0.06%, 0, 1, 7, 212.89, 147844, 4652
601, 0, 1424, 1503, 1495, 224, 0.06%, 0, 1, 7, 214.56, 148939, 4657
606, 0, 1424, 1512, 1504, 224, 0.06%, 0, 1, 7, 212.68, 150002, 4662
611, 0, 1424, 1516, 1508, 224, 0.06%, 0, 1, 7, 216.60, 151098, 4670
616, 0, 1424, 1523, 1515, 224, 0.06%, 0, 1, 7, 216.85, 152195, 4677
621, 0, 1424, 1530, 1522, 224, 0.06%, 0, 1, 7, 212.90, 153259, 4678
626, 0, 1424, 1532, 1524, 224, 0.06%, 0, 1, 7, 216.59, 154352, 4678
631, 0, 1486, 1540, 1531, 235, 0.06%, 0, 1, 7, 187.30, 155292, 4678
636, 0, 1486, 1540, 1531, 235, 0.06%, 0, 1, 7, 167.48, 156099, 4678
641, 0, 1486, 1540, 1531, 235, 0.06%, 0, 1, 7, 162.17, 156921, 4678
646, 0, 1486, 1550, 1541, 235, 0.06%, 0, 1, 8, 186.58, 157857, 4679
651, 0, 1486, 1559, 1550, 235, 0.06%, 0, 1, 8, 201.26, 158904, 4680
656, 0, 1486, 1568, 1559, 235, 0.06%, 0, 1, 8, 200.13, 159945, 4681
661, 0, 1486, 1577, 1568, 235, 0.06%, 0, 1, 8, 204.34, 160981, 4685
666, 0, 1486, 1582, 1573, 235, 0.06%, 0, 1, 8, 210.73, 162048, 4686
672, 0, 1486, 1586, 1577, 235, 0.06%, 0, 1, 8, 216.64, 163180, 4686
677, 0, 1486, 1591, 1582, 235, 0.06%, 0, 1, 8, 209.26, 164246, 4688
682, 0, 1486, 1593, 1584, 235, 0.06%, 0, 1, 8, 211.45, 165313, 4688
687, 0, 1486, 1596, 1587, 235, 0.06%, 0, 1, 8, 213.46, 166374, 4690
692, 0, 1486, 1599, 1590, 235, 0.06%, 0, 1, 8, 218.55, 167483, 4690
697, 0, 1486, 1600, 1591, 235, 0.06%, 1, 1, 8, 217.58, 168559, 4690
702, 0, 1486, 1603, 1594, 235, 0.06%, 1, 1, 8, 201.15, 169584, 4696
707, 0, 1546, 1606, 1596, 242, 0.06%, 1, 1, 8, 130.00, 170539, 4696
712, 0, 1546, 1606, 1596, 242, 0.06%, 1, 1, 8, 121.29, 171141, 4696
717, 0, 1546, 1606, 1596, 242, 0.06%, 1, 1, 8, 111.26, 171697, 4696
722, 0, 1546, 1606, 1596, 242, 0.06%, 1, 1, 8, 108.71, 172281, 4696
728, 0, 1546, 1606, 1596, 242, 0.06%, 1, 1, 8, 118.17, 172886, 4696
733, 0, 1546, 1611, 1601, 242, 0.06%, 1, 1, 9, 149.32, 173651, 4699
738, 0, 1546, 1628, 1618, 242, 0.06%, 1, 1, 9, 134.64, 174334, 4699
743, 0, 1546, 1628, 1618, 242, 0.06%, 1, 1, 9, 129.39, 174994, 4699
748, 0, 1546, 1628, 1618, 242, 0.06%, 1, 1, 9, 125.98, 175642, 4699
754, 0, 1546, 1631, 1621, 242, 0.06%, 1, 1, 9, 157.05, 176404, 4702
759, 0, 1627, 1632, 1621, 246, 0.06%, 1, 1, 9, 131.96, 177047, 4702
764, 0, 1627, 1632, 1621, 246, 0.06%, 1, 1, 9, 121.03, 177673, 4702
769, 0, 1627, 1632, 1621, 246, 0.06%, 1, 1, 9, 118.73, 178303, 4702
774, 0, 1410, 1634, 1622, 246, 0.06%, 1, 1, 10, 170.80, 179075, 4703
779, 0, 1410, 1636, 1624, 246, 0.06%, 1, 1, 10, 171.77, 179953, 4704
784, 0, 1410, 1641, 1629, 246, 0.06%, 1, 1, 10, 206.79, 181070, 4708
789, 0, 1410, 1649, 1637, 246, 0.06%, 1, 1, 10, 212.83, 182154, 4742
795, 0, 1410, 1652, 1640, 246, 0.06%, 1, 1, 10, 222.02, 183315, 4743
800, 0, 1410, 1655, 1643, 246, 0.06%, 1, 1, 10, 220.57, 184424, 4752
805, 0, 1410, 1659, 1647, 246, 0.06%, 1, 1, 10, 219.80, 185532, 4758
810, 0, 1410, 1664, 1652, 246, 0.06%, 1, 1, 10, 217.15, 186627, 4772
815, 0, 1410, 1669, 1657, 246, 0.06%, 1, 1, 10, 208.30, 187666, 4790
820, 0, 1410, 1670, 1658, 246, 0.06%, 1, 1, 10, 217.41, 188777, 4790
825, 0, 1410, 1670, 1658, 246, 0.06%, 1, 1, 10, 224.17, 189905, 4790
830, 0, 1410, 1672, 1660, 246, 0.06%, 1, 1, 10, 211.84, 190947, 4795
835, 0, 1410, 1676, 1664, 246, 0.06%, 1, 1, 10, 215.67, 192059, 4795
840, 0, 1665, 1679, 1666, 255, 0.06%, 1, 1, 10, 218.31, 193140, 4797
845, 0, 1665, 1679, 1666, 255, 0.06%, 1, 1, 10, 176.77, 193980, 4797
850, 0, 1645, 1679, 1665, 254, 0.06%, 1, 1, 10, 176.74, 194896, 4797
855, 0, 1645, 1679, 1665, 254, 0.06%, 1, 1, 10, 171.11, 195766, 4797
860, 0, 1645, 1682, 1668, 254, 0.06%, 1, 1, 10, 169.39, 196593, 4802
866, 0, 1645, 1692, 1678, 254, 0.06%, 1, 1, 10, 202.92, 197669, 4814
871, 0, 1645, 1697, 1683, 254, 0.06%, 1, 1, 10, 210.73, 198744, 4817
876, 0, 1645, 1702, 1688, 254, 0.06%, 1, 1, 10, 218.72, 199847, 4820
881, 0, 1645, 1705, 1691, 254, 0.06%, 1, 1, 10, 221.62, 200972, 4820
886, 0, 1645, 1711, 1697, 254, 0.06%, 1, 1, 10, 216.22, 202054, 4822
891, 0, 1645, 1714, 1700, 254, 0.06%, 1, 1, 10, 218.81, 203187, 4823
896, 0, 1645, 1718, 1704, 254, 0.06%, 1, 1, 10, 221.16, 204291, 4829
901, 0, 1645, 1721, 1707, 254, 0.06%, 1, 1, 10, 220.46, 205404, 4829
906, 0, 1645, 1724, 1710, 254, 0.06%, 1, 1, 10, 224.08, 206525, 4836
911, 0, 1645, 1728, 1714, 254, 0.06%, 1, 1, 10, 224.17, 207649, 4836
916, 0, 1645, 1732, 1718, 254, 0.06%, 1, 1, 10, 214.11, 208717, 4837
922, 0, 1728, 1733, 1718, 267, 0.06%, 1, 1, 10, 214.93, 209828, 4837
927, 0, 1728, 1733, 1718, 267, 0.06%, 1, 1, 10, 181.72, 210695, 4837
932, 0, 1728, 1733, 1718, 267, 0.06%, 1, 1, 10, 172.73, 211577, 4837
937, 0, 1728, 1737, 1722, 267, 0.06%, 1, 1, 10, 209.02, 212628, 4837
942, 0, 1728, 1742, 1727, 267, 0.06%, 1, 1, 10, 205.01, 213683, 4840
947, 0, 1728, 1747, 1732, 267, 0.06%, 1, 1, 10, 217.55, 214778, 4840
952, 0, 1728, 1750, 1735, 267, 0.06%, 2, 1, 10, 158.77, 215851, 4846
957, 0, 1728, 1753, 1738, 267, 0.06%, 2, 1, 10, 214.48, 217033, 4846
962, 0, 1728, 1757, 1742, 267, 0.06%, 2, 1, 10, 225.46, 218184, 4846
967, 0, 1728, 1761, 1746, 267, 0.06%, 2, 1, 10, 230.86, 219377, 4863
972, 0, 1728, 1764, 1749, 267, 0.06%, 2, 1, 10, 215.83, 220458, 4864
977, 0, 1728, 1766, 1751, 267, 0.06%, 2, 1, 10, 229.73, 221632, 4864
983, 0, 1728, 1769, 1754, 267, 0.06%, 2, 1, 10, 230.81, 222833, 4866
988, 0, 1728, 1773, 1758, 267, 0.06%, 2, 1, 10, 230.39, 224005, 4867
993, 0, 1773, 1775, 1759, 267, 0.06%, 2, 1, 10, 43.13, 225115, 4872
998, 0, 1773, 1775, 1759, 267, 0.06%, 2, 1, 10, 145.85, 225993, 4872
1003, 0, 1773, 1775, 1759, 267, 0.06%, 2, 1, 10, 164.64, 226870, 4872
1008, 0, 1773, 1778, 1762, 267, 0.06%, 2, 1, 10, 199.29, 227872, 4873
1013, 0, 1777, 1780, 1763, 267, 0.06%, 2, 1, 10, 172.36, 228770, 4874
1018, 0, 1777, 1780, 1763, 267, 0.06%, 2, 1, 10, 169.77, 229649, 4874
1024, 0, 1777, 1785, 1768, 267, 0.06%, 2, 1, 11, 195.66, 230647, 4875
1029, 0, 1777, 1785, 1768, 267, 0.06%, 2, 1, 11, 217.58, 231761, 4875
1034, 0, 1777, 1787, 1770, 267, 0.06%, 2, 1, 11, 219.24, 232867, 4876
1039, 0, 1777, 1787, 1770, 267, 0.06%, 2, 1, 11, 221.64, 233987, 4876
1044, 0, 1777, 1789, 1772, 267, 0.06%, 2, 1, 11, 215.07, 235073, 4876
1049, 0, 1777, 1790, 1773, 267, 0.06%, 2, 1, 11, 219.73, 236188, 4876
1054, 0, 1777, 1792, 1775, 267, 0.06%, 2, 1, 11, 215.14, 237270, 4876
1059, 0, 1777, 1793, 1776, 267, 0.06%, 2, 1, 11, 205.68, 238345, 4876
1064, 0, 1777, 1794, 1777, 267, 0.06%, 2, 1, 11, 202.39, 239348, 4876
1069, 0, 1777, 1795, 1778, 267, 0.06%, 2, 1, 11, 211.06, 240443, 4876
1074, 0, 1777, 1797, 1780, 267, 0.06%, 2, 1, 11, 216.93, 241549, 4877
1079, 0, 1777, 1798, 1781, 267, 0.06%, 2, 1, 11, 220.98, 242688, 4877
1085, 0, 1793, 1800, 1782, 267, 0.06%, 2, 1, 11, 188.30, 243642, 4877
1090, 0, 1793, 1800, 1782, 267, 0.06%, 2, 1, 11, 174.04, 244506, 4877
1095, 0, 1272, 1801, 1782, 266, 0.06%, 2, 1, 12, 182.39, 245385, 4877
1100, 0, 1272, 1801, 1782, 266, 0.06%, 2, 1, 12, 145.18, 246081, 4877
1105, 0, 1272, 1801, 1782, 266, 0.06%, 2, 1, 12, 136.78, 246777, 4877
1110, 0, 1272, 1803, 1784, 266, 0.06%, 2, 1, 12, 132.28, 247425, 4877
1115, 0, 1272, 1808, 1789, 266, 0.06%, 2, 1, 12, 162.61, 248309, 4877
1120, 0, 1272, 1810, 1791, 266, 0.06%, 3, 1, 12, 166.04, 249146, 4877
1125, 0, 1272, 1812, 1793, 266, 0.06%, 3, 1, 12, 168.28, 250030, 4882
1130, 0, 1272, 1819, 1800, 266, 0.06%, 3, 1, 12, 169.51, 250910, 4883
1136, 0, 1272, 1823, 1804, 266, 0.06%, 3, 1, 12, 170.13, 251763, 4884
1141, 0, 1272, 1825, 1806, 266, 0.06%, 3, 1, 12, 164.83, 252614, 4884
1146, 0, 1272, 1827, 1808, 266, 0.06%, 3, 1, 12, 168.90, 253474, 4884
1151, 0, 1272, 1829, 1810, 266, 0.06%, 3, 1, 12, 171.68, 254331, 4884
1156, 0, 1272, 1833, 1814, 266, 0.06%, 3, 1, 12, 165.61, 255178, 4884
1161, 0, 1272, 1834, 1815, 266, 0.06%, 3, 1, 12, 167.22, 256025, 4884
1166, 0, 1272, 1838, 1819, 266, 0.06%, 3, 1, 12, 166.06, 256863, 4896
1171, 0, 1272, 1843, 1824, 266, 0.06%, 3, 1, 12, 169.65, 257732, 4900
1176, 0, 1272, 1846, 1827, 266, 0.06%, 3, 1, 12, 171.28, 258602, 4906
1181, 0, 1272, 1851, 1832, 266, 0.06%, 3, 1, 12, 172.03, 259459, 4906
1186, 0, 1272, 1852, 1833, 266, 0.06%, 3, 1, 12, 174.48, 260330, 4906
1191, 0, 1272, 1866, 1847, 266, 0.06%, 3, 1, 12, 216.19, 261421, 4917
1196, 0, 1802, 1866, 1846, 269, 0.06%, 3, 1, 12, 64.92, 262501, 4917
1201, 0, 1802, 1866, 1846, 269, 0.06%, 3, 1, 12, 115.21, 263165, 4917
1207, 0, 1802, 1866, 1846, 269, 0.06%, 3, 1, 12, 124.09, 263807, 4917
1212, 0, 1802, 1866, 1846, 269, 0.06%, 3, 1, 12, 127.96, 264446, 4917
1217, 0, 1687, 1868, 1847, 268, 0.06%, 3, 1, 12, 156.28, 265283, 4917
1222, 0, 1687, 1868, 1847, 268, 0.06%, 3, 1, 12, 163.99, 266108, 4917
1227, 0, 483, 1868, 1846, 267, 0.06%, 3, 1, 12, 171.83, 266958, 4917
1232, 0, 85, 1871, 1848, 266, 0.06%, 3, 1, 12, 202.38, 268016, 4917
1237, 0, 1767, 1872, 1848, 266, 0.06%, 3, 1, 12, 180.88, 268912, 4918
1242, 0, 1767, 1872, 1848, 266, 0.06%, 3, 1, 12, 173.24, 269764, 4918
1247, 0, 1767, 1874, 1850, 266, 0.06%, 3, 1, 12, 186.93, 270671, 4919
1252, 0, 1767, 1881, 1857, 266, 0.06%, 3, 1, 12, 208.22, 271764, 4921
1257, 0, 1767, 1884, 1860, 266, 0.06%, 3, 1, 12, 215.37, 272857, 4922
1262, 0, 1767, 1886, 1862, 266, 0.06%, 3, 1, 12, 218.57, 273963, 4923
1267, 0, 1767, 1887, 1863, 266, 0.06%, 3, 1, 12, 219.82, 275058, 4923
1272, 0, 1767, 1890, 1866, 266, 0.06%, 3, 1, 12, 215.66, 276131, 4925
1278, 0, 1767, 1891, 1867, 266, 0.06%, 3, 1, 12, 219.81, 277270, 4925
1283, 0, 1767, 1893, 1869, 266, 0.06%, 3, 1, 12, 204.55, 278304, 4926
1288, 0, 1767, 1894, 1870, 266, 0.06%, 3, 1, 12, 213.81, 279383, 4926
1293, 0, 1767, 1895, 1871, 266, 0.06%, 3, 1, 12, 221.83, 280522, 4926
1298, 0, 1889, 1895, 1870, 268, 0.06%, 3, 1, 12, 178.41, 281364, 4926
1303, 0, 1889, 1895, 1870, 268, 0.06%, 3, 1, 12, 174.03, 282249, 4926
1308, 0, 1814, 1897, 1871, 267, 0.06%, 3, 1, 12, 177.08, 283185, 4926
1313, 0, 1814, 1897, 1871, 267, 0.06%, 3, 1, 12, 138.57, 283833, 4926
1318, 0, 1814, 1902, 1876, 267, 0.06%, 3, 1, 12, 144.98, 284542, 4930
1323, 0, 1814, 1907, 1881, 267, 0.06%, 3, 1, 12, 159.15, 285378, 4930
1329, 0, 1814, 1913, 1887, 267, 0.06%, 3, 1, 12, 155.60, 286173, 4939
1334, 0, 1814, 1919, 1893, 267, 0.06%, 3, 1, 12, 156.29, 286974, 4941
1339, 0, 1814, 1928, 1902, 267, 0.06%, 3, 1, 12, 155.16, 287751, 4951
1344, 0, 1814, 1933, 1907, 267, 0.06%, 3, 1, 12, 155.78, 288545, 4954
1349, 0, 1814, 1936, 1910, 267, 0.06%, 3, 2, 12, 161.29, 289206, 4954
1354, 0, 1814, 1939, 1913, 267, 0.06%, 3, 2, 12, 161.07, 290040, 4954
1359, 0, 1814, 1946, 1920, 267, 0.06%, 3, 2, 12, 153.73, 290818, 4955
1365, 0, 1814, 1948, 1922, 267, 0.06%, 3, 2, 12, 156.36, 291609, 4955
1370, 0, 1814, 1953, 1927, 267, 0.06%, 3, 2, 12, 159.09, 292406, 4956
1375, 0, 1814, 1955, 1929, 267, 0.06%, 3, 2, 12, 160.87, 293224, 4958
1380, 0, 1814, 1959, 1933, 267, 0.06%, 3, 2, 12, 159.61, 294020, 4972
1385, 0, 1692, 1959, 1932, 276, 0.06%, 3, 2, 12, 166.32, 294914, 4972
1390, 0, 1692, 1959, 1932, 276, 0.06%, 3, 2, 12, 159.27, 295730, 4972
1395, 0, 1692, 1959, 1932, 276, 0.06%, 3, 2, 12, 160.78, 296540, 4972
1400, 0, 1692, 1962, 1935, 276, 0.06%, 3, 2, 12, 196.58, 297577, 4979
1405, 0, 1692, 1962, 1935, 276, 0.06%, 3, 2, 12, 214.66, 298668, 4979
1410, 0, 1692, 1964, 1937, 276, 0.06%, 3, 2, 12, 219.51, 299774, 4979
1415, 0, 1692, 1964, 1937, 276, 0.06%, 3, 2, 12, 222.86, 300902, 4979
1420, 0, 1692, 1964, 1937, 276, 0.06%, 3, 2, 12, 224.98, 302038, 4979
1425, 0, 1692, 1966, 1939, 276, 0.06%, 3, 2, 12, 221.59, 303156, 4980
1430, 0, 1692, 1966, 1939, 276, 0.06%, 3, 2, 12, 217.77, 304264, 4980
1435, 0, 1692, 1968, 1941, 276, 0.06%, 3, 2, 12, 221.58, 305383, 4980
1441, 0, 1692, 1968, 1941, 276, 0.06%, 3, 2, 12, 206.77, 306466, 4980
1446, 0, 1692, 1976, 1949, 276, 0.06%, 3, 2, 12, 214.83, 307542, 4982
1451, 0, 1970, 1976, 1948, 278, 0.06%, 3, 2, 12, 175.90, 308447, 4982
1456, 0, 1970, 1976, 1948, 278, 0.06%, 3, 2, 12, 144.57, 309131, 4982
1461, 0, 1970, 1976, 1948, 278, 0.06%, 3, 2, 12, 136.03, 309825, 4982
1466, 0, 651, 1978, 1949, 278, 0.06%, 3, 2, 12, 175.89, 310705, 4984
1471, 0, 1503, 1980, 1949, 276, 0.06%, 3, 2, 12, 49.58, 311778, 4984
1476, 0, 1503, 1980, 1949, 276, 0.06%, 3, 2, 12, 147.63, 312656, 4984
1482, 0, 71, 1980, 1948, 275, 0.06%, 3, 2, 12, 249.14, 313831, 4984
1487, 0, 1831, 1980, 1947, 274, 0.06%, 3, 2, 12, 167.14, 314538, 4984
1492, 0, 1831, 1980, 1947, 274, 0.06%, 3, 2, 12, 152.23, 315285, 4984
1497, 0, 1831, 1980, 1947, 274, 0.06%, 3, 2, 12, 147.59, 316035, 4984
1502, 0, 1831, 1982, 1949, 274, 0.06%, 3, 2, 12, 171.53, 316957, 4984
1507, 0, 1831, 2003, 1970, 274, 0.06%, 3, 2, 12, 168.87, 317781, 5002
1512, 0, 1831, 2003, 1970, 274, 0.06%, 3, 2, 12, 176.00, 318708, 5002
1517, 0, 1831, 2003, 1970, 274, 0.06%, 3, 2, 12, 176.82, 319599, 5002
1523, 0, 1831, 2014, 1981, 274, 0.06%, 3, 2, 12, 160.56, 320423, 5039
1528, 0, 1831, 2030, 1997, 274, 0.06%, 3, 2, 12, 168.34, 321274, 5040
1533, 0, 1831, 2042, 2009, 274, 0.06%, 3, 2, 12, 166.32, 322102, 5042
1538, 0, 1831, 2055, 2022, 274, 0.06%, 3, 2, 12, 164.75, 322940, 5044
1543, 0, 1831, 2075, 2042, 274, 0.06%, 3, 2, 12, 162.33, 323745, 5052
1548, 0, 1831, 2089, 2056, 274, 0.06%, 3, 2, 12, 168.90, 324569, 5068
1553, 0, 1831, 2093, 2060, 274, 0.06%, 3, 2, 12, 176.51, 325466, 5068
1558, 0, 1831, 2097, 2064, 274, 0.06%, 3, 2, 12, 179.46, 326358, 5068
1563, 0, 1831, 2099, 2066, 274, 0.06%, 3, 2, 12, 184.62, 327320, 5068
1568, 0, 1831, 2100, 2067, 274, 0.06%, 3, 2, 12, 184.37, 328236, 5068
1573, 0, 1831, 2102, 2069, 274, 0.06%, 3, 2, 12, 178.45, 329129, 5072
1578, 0, 1831, 2105, 2072, 274, 0.06%, 3, 2, 12, 180.67, 330053, 5075
1584, 0, 1831, 2107, 2074, 274, 0.06%, 3, 2, 12, 179.40, 330997, 5075
1589, 0, 1831, 2110, 2077, 274, 0.06%, 3, 2, 12, 182.14, 331948, 5085
1594, 0, 1831, 2110, 2077, 274, 0.06%, 3, 2, 12, 183.04, 332905, 5085
1599, 0, 1831, 2113, 2080, 274, 0.06%, 3, 2, 12, 181.27, 333811, 5085
1604, 0, 1831, 2115, 2082, 274, 0.06%, 3, 2, 12, 184.29, 334764, 5085
1609, 0, 1831, 2116, 2083, 274, 0.06%, 3, 2, 12, 188.88, 335737, 5085
1615, 0, 1831, 2118, 2085, 274, 0.06%, 3, 2, 12, 190.69, 336726, 5085
1620, 0, 1831, 2118, 2085, 274, 0.06%, 3, 2, 12, 194.44, 337698, 5085
1625, 0, 1831, 2122, 2089, 274, 0.06%, 3, 2, 12, 186.51, 338623, 5085
1630, 0, 1831, 2123, 2090, 274, 0.06%, 3, 2, 12, 187.37, 339608, 5085
1635, 0, 1831, 2125, 2092, 274, 0.06%, 3, 2, 12, 182.49, 340507, 5085
1640, 0, 1831, 2128, 2095, 274, 0.06%, 3, 2, 12, 180.48, 341425, 5085
1645, 0, 1831, 2129, 2096, 274, 0.06%, 3, 2, 12, 187.19, 342365, 5085
1650, 0, 1831, 2131, 2098, 274, 0.06%, 3, 2, 12, 189.28, 343357, 5085
1655, 0, 1831, 2134, 2101, 274, 0.06%, 3, 2, 12, 188.59, 344290, 5086
1660, 0, 1831, 2138, 2105, 274, 0.06%, 3, 2, 12, 185.04, 345260, 5086
1665, 0, 1831, 2139, 2106, 274, 0.06%, 3, 2, 12, 184.62, 346191, 5086
1670, 0, 1831, 2140, 2107, 274, 0.06%, 3, 2, 12, 190.68, 347152, 5086
1676, 0, 1831, 2141, 2108, 274, 0.06%, 3, 2, 12, 194.71, 348164, 5086
1681, 0, 1831, 2146, 2113, 274, 0.06%, 3, 2, 12, 187.17, 349105, 5086
1686, 0, 1831, 2148, 2115, 274, 0.06%, 3, 2, 12, 187.94, 350082, 5088
1691, 0, 1831, 2149, 2116, 274, 0.06%, 3, 2, 12, 190.68, 351076, 5088
1696, 0, 1831, 2150, 2117, 274, 0.06%, 3, 2, 12, 186.00, 352019, 5088
1701, 0, 1831, 2153, 2120, 274, 0.06%, 3, 2, 12, 189.09, 352979, 5088
1706, 0, 1831, 2155, 2122, 274, 0.06%, 3, 2, 12, 189.04, 353962, 5088
1712, 0, 1831, 2157, 2124, 274, 0.06%, 3, 2, 12, 187.46, 354924, 5088
1717, 0, 1831, 2162, 2129, 274, 0.06%, 3, 2, 12, 185.61, 355853, 5089
1722, 0, 1831, 2163, 2130, 274, 0.06%, 3, 2, 12, 185.40, 356826, 5089
1727, 0, 1831, 2166, 2133, 274, 0.06%, 3, 2, 12, 186.46, 357771, 5090
1732, 0, 1831, 2167, 2134, 274, 0.06%, 3, 2, 12, 188.42, 358723, 5090
1737, 0, 1831, 2169, 2136, 274, 0.06%, 3, 2, 12, 186.93, 359688, 5090
1742, 0, 1831, 2172, 2139, 274, 0.06%, 3, 2, 12, 186.17, 360651, 5090
1747, 0, 1831, 2174, 2141, 274, 0.06%, 3, 2, 12, 184.59, 361608, 5090
1752, 0, 1831, 2175, 2142, 274, 0.06%, 3, 2, 12, 187.02, 362556, 5090
1758, 0, 1831, 2175, 2142, 274, 0.06%, 3, 2, 12, 187.72, 363534, 5090
1763, 0, 2083, 2175, 2141, 290, 0.06%, 3, 2, 12, 183.24, 364485, 5090
1768, 0, 2083, 2175, 2141, 290, 0.06%, 3, 2, 12, 151.18, 365205, 5090
1773, 0, 2083, 2175, 2141, 290, 0.06%, 3, 2, 12, 144.79, 365949, 5090
1778, 0, 2083, 2179, 2145, 290, 0.06%, 3, 2, 12, 167.86, 366779, 5090
1783, 0, 2083, 2190, 2156, 290, 0.06%, 3, 2, 12, 180.41, 367708, 5111
1788, 0, 2083, 2192, 2158, 290, 0.06%, 3, 2, 12, 191.27, 368709, 5111
1793, 0, 2083, 2197, 2163, 290, 0.06%, 3, 2, 12, 188.69, 369659, 5112
1798, 0, 2083, 2199, 2165, 290, 0.06%, 3, 2, 12, 192.07, 370660, 5112
1803, 0, 2083, 2201, 2167, 290, 0.06%, 3, 2, 12, 189.71, 371610, 5112
1809, 0, 2083, 2204, 2170, 290, 0.06%, 3, 2, 12, 188.03, 372585, 5115
1814, 0, 2083, 2206, 2172, 290, 0.06%, 3, 2, 12, 190.79, 373541, 5115
1819, 0, 2083, 2210, 2176, 290, 0.06%, 3, 2, 12, 186.94, 374490, 5115
1824, 0, 2083, 2213, 2179, 290, 0.06%, 3, 2, 12, 193.91, 375492, 5117
1829, 0, 2083, 2213, 2179, 290, 0.06%, 3, 2, 12, 199.76, 376521, 5117
1834, 0, 2083, 2215, 2181, 290, 0.06%, 3, 2, 12, 190.65, 377522, 5117
1839, 0, 2083, 2217, 2183, 290, 0.06%, 3, 2, 12, 180.96, 378406, 5117
1845, 0, 2083, 2221, 2187, 290, 0.06%, 3, 2, 12, 184.45, 379319, 5119
1850, 0, 2219, 2225, 2190, 293, 0.06%, 3, 2, 12, 147.05, 380032, 5119
1855, 0, 2219, 2225, 2190, 293, 0.06%, 3, 2, 12, 125.86, 380638, 5119
1860, 0, 2219, 2225, 2190, 293, 0.06%, 3, 2, 12, 127.03, 381308, 5119
1865, 0, 2189, 2225, 2189, 292, 0.06%, 3, 2, 12, 144.72, 382022, 5119
1870, 0, 2189, 2225, 2189, 292, 0.06%, 3, 2, 12, 146.91, 382774, 5119
1875, 0, 2189, 2225, 2189, 292, 0.06%, 3, 2, 12, 143.41, 383510, 5119
1880, 0, 2189, 2232, 2196, 292, 0.06%, 3, 2, 12, 151.47, 384273, 5119
1885, 0, 2189, 2238, 2202, 292, 0.06%, 3, 2, 12, 171.43, 385184, 5121
1890, 0, 2189, 2242, 2206, 292, 0.06%, 3, 2, 12, 179.36, 386094, 5123
1896, 0, 2189, 2243, 2207, 292, 0.06%, 3, 2, 12, 183.01, 387025, 5123
1901, 0, 2189, 2247, 2211, 292, 0.06%, 3, 2, 12, 184.75, 387947, 5123
1906, 0, 2189, 2247, 2211, 292, 0.06%, 3, 2, 12, 188.41, 388898, 5123
1911, 0, 2189, 2252, 2216, 292, 0.06%, 3, 2, 12, 186.85, 389845, 5130
1916, 0, 2189, 2254, 2218, 292, 0.06%, 3, 2, 12, 190.13, 390837, 5130
1921, 0, 2189, 2258, 2222, 292, 0.06%, 3, 2, 12, 184.45, 391773, 5130
1926, 0, 2189, 2260, 2224, 292, 0.06%, 3, 2, 12, 186.57, 392739, 5130
1931, 0, 2189, 2262, 2226, 292, 0.06%, 3, 2, 12, 188.17, 393707, 5137
1936, 0, 2189, 2265, 2229, 292, 0.06%, 3, 2, 12, 184.70, 394661, 5138
1942, 0, 2189, 2265, 2229, 292, 0.06%, 3, 2, 12, 191.15, 395654, 5138
1947, 0, 2189, 2267, 2231, 292, 0.06%, 3, 2, 12, 182.65, 396601, 5138
1952, 0, 2230, 2270, 2233, 289, 0.06%, 3, 2, 12, 175.09, 397473, 5138
1957, 0, 2230, 2270, 2233, 289, 0.06%, 3, 2, 12, 157.25, 398241, 5138
1962, 0, 2230, 2270, 2233, 289, 0.06%, 3, 2, 12, 150.98, 398997, 5138
1967, 0, 2230, 2281, 2244, 289, 0.06%, 3, 2, 12, 176.46, 399895, 5138
1972, 0, 2230, 2283, 2246, 289, 0.06%, 3, 2, 12, 198.87, 400944, 5138
1977, 0, 2230, 2286, 2249, 289, 0.06%, 3, 2, 12, 183.90, 401865, 5138
1982, 0, 2230, 2290, 2253, 289, 0.06%, 3, 2, 12, 195.01, 402883, 5138
1988, 0, 2230, 2294, 2257, 289, 0.06%, 3, 2, 12, 200.15, 403931, 5139
1993, 0, 2230, 2297, 2260, 289, 0.06%, 3, 2, 12, 203.17, 404981, 5139
1998, 0, 2230, 2302, 2265, 289, 0.06%, 3, 2, 12, 200.69, 406000, 5139
2003, 0, 2230, 2307, 2270, 289, 0.06%, 3, 2, 12, 198.46, 407001, 5140
2008, 0, 2230, 2310, 2273, 289, 0.06%, 3, 2, 12, 200.80, 408032, 5140
2013, 0, 2230, 2315, 2278, 289, 0.06%, 3, 2, 12, 196.88, 409031, 5140
2018, 0, 2230, 2316, 2279, 289, 0.06%, 3, 2, 12, 203.27, 410066, 5140
2023, 0, 2230, 2317, 2280, 289, 0.06%, 3, 2, 12, 205.95, 411093, 5140
2028, 0, 2230, 2320, 2283, 289, 0.06%, 3, 2, 12, 203.00, 412142, 5140
2034, 0, 2291, 2320, 2282, 289, 0.06%, 3, 2, 12, 169.92, 412989, 5140
2039, 0, 2291, 2320, 2282, 289, 0.06%, 3, 2, 12, 151.81, 413715, 5140
2044, 0, 2291, 2320, 2282, 289, 0.06%, 3, 2, 12, 147.24, 414452, 5140
2049, 0, 2318, 2320, 2281, 288, 0.06%, 3, 2, 12, 155.77, 415267, 5140
2054, 0, 2318, 2320, 2281, 288, 0.06%, 3, 2, 12, 155.71, 416044, 5140
2059, 0, 2318, 2320, 2281, 288, 0.06%, 3, 2, 12, 157.76, 416831, 5140
2064, 0, 2054, 2320, 2280, 287, 0.06%, 3, 2, 12, 157.99, 417696, 5140
2069, 0, 2054, 2320, 2280, 287, 0.06%, 3, 2, 12, 151.15, 418449, 5140
2074, 0, 2054, 2321, 2281, 287, 0.06%, 3, 2, 12, 160.96, 419267, 5140
2079, 0, 2054, 2324, 2284, 287, 0.06%, 3, 2, 12, 181.28, 420209, 5140
2084, 0, 2054, 2325, 2285, 287, 0.06%, 3, 2, 12, 194.16, 421230, 5140
2090, 0, 2054, 2328, 2288, 287, 0.06%, 3, 2, 12, 191.26, 422187, 5140
2095, 0, 2054, 2329, 2289, 287, 0.06%, 3, 2, 12, 195.60, 423199, 5140
2100, 0, 2054, 2330, 2290, 287, 0.06%, 3, 2, 12, 200.57, 424215, 5140
2105, 0, 2054, 2332, 2292, 287, 0.06%, 3, 2, 12, 199.51, 425227, 5140
2110, 0, 2054, 2333, 2293, 287, 0.06%, 3, 2, 12, 200.25, 426240, 5141
2115, 0, 2054, 2334, 2294, 287, 0.06%, 3, 2, 12, 200.43, 427257, 5141
2120, 0, 2054, 2334, 2294, 287, 0.06%, 3, 2, 12, 195.72, 428256, 5141
2125, 0, 2043, 2334, 2293, 288, 0.06%, 3, 2, 12, 197.53, 429294, 5141
2131, 0, 2043, 2334, 2293, 288, 0.06%, 3, 2, 12, 162.96, 430065, 5141
2136, 0, 2043, 2334, 2293, 288, 0.06%, 3, 2, 12, 157.33, 430848, 5141
2141, 0, 2043, 2334, 2293, 288, 0.06%, 3, 2, 12, 179.62, 431723, 5141
2146, 0, 2274, 2334, 2292, 287, 0.06%, 3, 2, 12, 164.24, 432527, 5141
2151, 0, 2274, 2334, 2292, 287, 0.06%, 3, 2, 12, 128.10, 433258, 5141
2156, 0, 2274, 2334, 2292, 287, 0.06%, 3, 2, 12, 148.00, 433986, 5141
2161, 0, 2274, 2339, 2297, 287, 0.06%, 3, 2, 12, 174.05, 434897, 5145
2166, 0, 2274, 2341, 2299, 287, 0.06%, 3, 2, 12, 186.11, 435849, 5146
2171, 0, 2274, 2341, 2299, 287, 0.06%, 3, 2, 12, 174.18, 436740, 5146
2176, 0, 2274, 2343, 2301, 287, 0.06%, 3, 2, 12, 186.80, 437684, 5146
2181, 0, 2274, 2345, 2303, 287, 0.06%, 3, 2, 12, 187.79, 438625, 5146
2186, 0, 2274, 2346, 2304, 287, 0.06%, 3, 2, 12, 188.60, 439574, 5147
2191, 0, 2274, 2346, 2304, 287, 0.06%, 3, 2, 12, 186.47, 440534, 5147
2196, 0, 2274, 2346, 2304, 287, 0.06%, 3, 2, 12, 201.16, 441562, 5147
2202, 0, 2345, 2346, 2303, 289, 0.06%, 4, 2, 12, 189.54, 442566, 5147
2207, 0, 2345, 2346, 2303, 289, 0.06%, 4, 2, 12, 156.98, 443340, 5147
2212, 0, 2345, 2346, 2303, 289, 0.06%, 4, 2, 12, 150.95, 444126, 5147
2217, 0, 524, 2348, 2304, 289, 0.06%, 4, 2, 13, 199.34, 445144, 5147
2222, 0, 2031, 2349, 2304, 288, 0.06%, 4, 2, 13, 116.26, 445860, 5147
2227, 0, 2031, 2349, 2304, 288, 0.06%, 4, 2, 13, 134.69, 446576, 5147
2233, 0, 2031, 2349, 2304, 288, 0.06%, 4, 2, 13, 127.85, 447218, 5147
2238, 0, 2031, 2355, 2310, 288, 0.06%, 4, 2, 13, 167.75, 448107, 5147
2243, 0, 2031, 2356, 2311, 288, 0.06%, 4, 2, 13, 186.22, 449089, 5147
2248, 0, 2031, 2359, 2314, 288, 0.06%, 4, 2, 13, 191.08, 450082, 5147
2253, 0, 2031, 2364, 2319, 288, 0.06%, 4, 2, 13, 193.36, 451080, 5147
2258, 0, 2031, 2367, 2322, 288, 0.06%, 4, 2, 13, 194.01, 452091, 5147
2263, 0, 2031, 2371, 2326, 288, 0.06%, 4, 2, 13, 195.46, 453106, 5147
2269, 0, 2031, 2374, 2329, 288, 0.06%, 4, 2, 13, 190.94, 454099, 5151
2274, 0, 2031, 2380, 2335, 288, 0.06%, 4, 2, 13, 190.03, 455074, 5151
2279, 0, 2031, 2381, 2336, 288, 0.06%, 4, 2, 13, 194.45, 456053, 5151
2284, 0, 2031, 2383, 2338, 288, 0.06%, 4, 2, 13, 193.07, 457057, 5151
2289, 0, 2353, 2386, 2340, 287, 0.06%, 4, 2, 13, 188.78, 458034, 5151
2294, 0, 2353, 2386, 2340, 287, 0.06%, 4, 2, 13, 151.04, 458751, 5151
2299, 0, 2353, 2386, 2340, 287, 0.06%, 4, 2, 13, 142.35, 459477, 5151
2304, 0, 2353, 2398, 2352, 287, 0.06%, 4, 2, 13, 155.85, 460252, 5155
2309, 0, 2353, 2408, 2362, 287, 0.06%, 4, 2, 13, 180.98, 461189, 5162
2315, 0, 2353, 2411, 2365, 287, 0.06%, 4, 2, 13, 191.47, 462176, 5162
2320, 0, 2353, 2416, 2370, 287, 0.06%, 4, 2, 13, 195.27, 463156, 5162
2325, 0, 2353, 2420, 2374, 287, 0.06%, 4, 2, 13, 191.01, 464147, 5162
2330, 0, 2353, 2424, 2378, 287, 0.06%, 4, 2, 13, 194.11, 465123, 5162
2335, 0, 2353, 2426, 2380, 287, 0.06%, 4, 2, 13, 195.15, 466085, 5162
2340, 0, 2353, 2433, 2387, 287, 0.06%, 4, 2, 13, 197.36, 467088, 5163
2345, 0, 2353, 2439, 2393, 287, 0.06%, 4, 2, 13, 197.86, 468069, 5165
2350, 0, 2353, 2441, 2395, 287, 0.06%, 4, 2, 13, 196.17, 469079, 5165
2355, 0, 2353, 2445, 2399, 287, 0.06%, 4, 2, 13, 200.57, 470118, 5166
2361, 0, 2353, 2447, 2401, 287, 0.06%, 4, 2, 13, 196.61, 471083, 5166
2366, 0, 2353, 2451, 2405, 287, 0.06%, 4, 2, 13, 200.59, 472086, 5166
2371, 0, 2353, 2455, 2409, 287, 0.06%, 4, 2, 13, 200.37, 473113, 5166
2376, 0, 2437, 2455, 2408, 296, 0.06%, 4, 2, 13, 168.64, 473925, 5166
2381, 0, 2437, 2455, 2408, 296, 0.06%, 4, 2, 13, 156.59, 474693, 5166
2386, 0, 2437, 2458, 2411, 296, 0.06%, 4, 2, 13, 161.58, 475488, 5166
2391, 0, 2456, 2458, 2410, 296, 0.06%, 4, 2, 13, 173.78, 476408, 5166
2396, 0, 2456, 2458, 2410, 296, 0.06%, 4, 2, 13, 145.82, 477115, 5166
2401, 0, 2456, 2458, 2410, 296, 0.06%, 4, 2, 13, 139.20, 477829, 5166
2406, 0, 2456, 2461, 2413, 296, 0.06%, 4, 2, 13, 149.84, 478574, 5166
2412, 0, 2459, 2461, 2412, 295, 0.06%, 4, 2, 13, 132.40, 479384, 5166
2417, 0, 2459, 2461, 2412, 295, 0.06%, 4, 2, 13, 137.78, 480106, 5166
2422, 0, 2459, 2461, 2412, 295, 0.06%, 4, 2, 13, 135.67, 480808, 5166
2427, 0, 2344, 2461, 2411, 294, 0.06%, 4, 2, 13, 153.10, 481572, 5166
2432, 0, 2344, 2461, 2411, 294, 0.06%, 4, 2, 13, 153.53, 482343, 5166
2437, 0, 2344, 2461, 2411, 294, 0.06%, 4, 2, 13, 154.51, 483147, 5166
2442, 0, 2454, 2461, 2410, 293, 0.06%, 4, 2, 13, 163.10, 483994, 5166
2447, 0, 2454, 2461, 2410, 293, 0.06%, 4, 2, 13, 144.35, 484702, 5166
2453, 0, 2454, 2461, 2410, 293, 0.06%, 4, 2, 13, 143.52, 485438, 5166
2458, 0, 2454, 2462, 2411, 293, 0.06%, 4, 2, 13, 182.17, 486360, 5166
2463, 0, 2400, 2462, 2410, 292, 0.06%, 4, 2, 13, 159.44, 487160, 5166
2468, 0, 2400, 2462, 2410, 292, 0.06%, 4, 2, 13, 152.40, 487904, 5166
2473, 0, 2400, 2466, 2414, 292, 0.06%, 4, 2, 13, 157.86, 488707, 5166
2478, 0, 2400, 2477, 2425, 292, 0.06%, 4, 2, 13, 176.66, 489649, 5176
2484, 0, 2400, 2481, 2429, 292, 0.06%, 4, 2, 13, 190.15, 490660, 5177
2489, 0, 2400, 2484, 2432, 292, 0.06%, 4, 2, 13, 190.77, 491623, 5177
2494, 0, 2400, 2487, 2435, 292, 0.06%, 4, 2, 13, 192.98, 492625, 5179
2499, 0, 2400, 2488, 2436, 292, 0.06%, 4, 2, 13, 196.69, 493619, 5180
2504, 0, 2400, 2491, 2439, 292, 0.06%, 4, 2, 13, 191.13, 494606, 5195
2509, 0, 2400, 2492, 2440, 292, 0.06%, 4, 2, 13, 194.50, 495588, 5195
2514, 0, 2400, 2494, 2442, 292, 0.06%, 4, 2, 13, 196.99, 496622, 5195
2519, 0, 2400, 2497, 2445, 292, 0.06%, 4, 2, 13, 196.39, 497627, 5195
2524, 0, 2400, 2498, 2446, 292, 0.06%, 4, 2, 13, 204.39, 498627, 5195
2530, 0, 2495, 2501, 2448, 294, 0.06%, 4, 2, 13, 154.47, 499462, 5195
2535, 0, 2495, 2501, 2448, 294, 0.06%, 4, 2, 13, 152.82, 500239, 5195
2540, 0, 2495, 2501, 2448, 294, 0.06%, 4, 2, 13, 150.29, 500986, 5195
2545, 0, 2065, 2502, 2448, 293, 0.06%, 4, 2, 13, 159.22, 501844, 5195
2550, 0, 2065, 2502, 2448, 293, 0.06%, 4, 2, 13, 146.85, 502565, 5195
2555, 0, 2065, 2502, 2448, 293, 0.06%, 4, 2, 13, 143.03, 503301, 5195
2560, 0, 2065, 2503, 2449, 293, 0.06%, 4, 2, 13, 178.09, 504218, 5195
2565, 0, 280, 2505, 2450, 293, 0.06%, 4, 2, 13, 203.12, 505287, 5195
2570, 0, 2474, 2506, 2450, 293, 0.06%, 4, 2, 13, 166.84, 506108, 5195
2575, 0, 2474, 2506, 2450, 293, 0.06%, 4, 2, 13, 156.87, 506864, 5195
2581, 0, 2474, 2506, 2450, 293, 0.06%, 4, 2, 13, 158.71, 507671, 5195
2586, 0, 2474, 2509, 2453, 293, 0.06%, 4, 2, 13, 178.73, 508601, 5196
2591, 0, 2474, 2510, 2454, 293, 0.06%, 4, 2, 13, 194.33, 509622, 5196
2596, 0, 2474, 2511, 2455, 293, 0.06%, 4, 2, 13, 196.46, 510640, 5198
2601, 0, 2474, 2511, 2455, 293, 0.06%, 4, 2, 13, 193.12, 511601, 5198
2606, 0, 2474, 2511, 2455, 293, 0.06%, 4, 2, 13, 197.80, 512624, 5198
2611, 0, 2474, 2512, 2456, 293, 0.06%, 4, 2, 13, 198.21, 513648, 5198
2616, 0, 2474, 2512, 2456, 293, 0.06%, 4, 2, 13, 200.82, 514684, 5198
2621, 0, 2474, 2512, 2456, 293, 0.06%, 4, 2, 13, 199.47, 515696, 5198
2626, 0, 2474, 2512, 2456, 293, 0.06%, 4, 2, 13, 198.99, 516687, 5198
2632, 0, 2507, 2513, 2456, 292, 0.06%, 4, 2, 13, 38.92, 517786, 5198
2637, 0, 2507, 2513, 2456, 292, 0.06%, 4, 2, 13, 135.63, 518598, 5198
2642, 0, 2507, 2513, 2456, 292, 0.06%, 4, 2, 13, 153.55, 519415, 5198
2647, 0, 2513, 2515, 2457, 292, 0.06%, 4, 2, 13, 170.13, 520262, 5198
2652, 0, 2513, 2515, 2457, 292, 0.06%, 4, 2, 13, 161.89, 521069, 5198
2657, 0, 2513, 2515, 2457, 292, 0.06%, 4, 2, 13, 161.52, 521912, 5198
2662, 0, 849, 2518, 2459, 291, 0.06%, 4, 2, 14, 210.08, 523009, 5198
2667, 0, 2010, 2518, 2458, 290, 0.06%, 4, 2, 14, 158.96, 523741, 5198
2672, 0, 2010, 2518, 2458, 290, 0.06%, 4, 2, 14, 148.42, 524477, 5198
2678, 0, 2010, 2523, 2463, 290, 0.06%, 4, 2, 14, 149.36, 525229, 5200
2683, 0, 2010, 2534, 2474, 290, 0.06%, 4, 2, 14, 169.66, 526116, 5206
2688, 0, 2010, 2544, 2484, 290, 0.06%, 4, 2, 14, 173.65, 526975, 5208
2693, 0, 2010, 2547, 2487, 290, 0.06%, 4, 2, 14, 181.33, 527920, 5208
2698, 0, 2010, 2549, 2489, 290, 0.06%, 4, 2, 14, 179.96, 528825, 5208
2703, 0, 2010, 2562, 2502, 290, 0.06%, 4, 2, 14, 170.38, 529678, 5208
2708, 0, 2010, 2564, 2504, 290, 0.06%, 4, 2, 14, 179.99, 530583, 5208
2713, 0, 2010, 2565, 2505, 290, 0.06%, 4, 2, 14, 187.41, 531532, 5208
2718, 0, 2010, 2566, 2506, 290, 0.06%, 4, 2, 14, 185.91, 532499, 5208
2724, 0, 2010, 2571, 2511, 290, 0.06%, 4, 2, 14, 200.73, 533593, 5208
2729, 0, 2533, 2571, 2510, 290, 0.06%, 4, 2, 14, 128.34, 534389, 5208
2734, 0, 2533, 2571, 2510, 290, 0.06%, 4, 2, 14, 123.29, 535019, 5208
2739, 0, 2533, 2571, 2510, 290, 0.06%, 4, 2, 14, 117.13, 535601, 5208
2744, 0, 2533, 2571, 2510, 290, 0.06%, 4, 2, 14, 108.35, 536155, 5208
2749, 0, 2533, 2571, 2510, 290, 0.06%, 4, 2, 14, 114.04, 536729, 5208
2754, 0, 2533, 2581, 2520, 290, 0.06%, 4, 2, 14, 134.64, 537458, 5209
2760, 0, 2533, 2585, 2524, 290, 0.06%, 4, 2, 14, 130.64, 538121, 5209
2765, 0, 2533, 2585, 2524, 290, 0.06%, 4, 2, 14, 129.67, 538797, 5209
2770, 0, 2533, 2585, 2524, 290, 0.06%, 4, 2, 14, 128.55, 539441, 5209
2775, 0, 2533, 2585, 2524, 290, 0.06%, 4, 2, 14, 128.59, 540087, 5209
2780, 0, 2533, 2588, 2527, 290, 0.06%, 4, 2, 14, 146.88, 540834, 5209
2785, 0, 2586, 2588, 2526, 291, 0.06%, 4, 2, 14, 142.78, 541580, 5209
2790, 0, 2586, 2588, 2526, 291, 0.06%, 4, 2, 14, 119.89, 542154, 5209
2795, 0, 2586, 2588, 2526, 291, 0.06%, 4, 2, 14, 119.37, 542760, 5209
2800, 0, 2586, 2588, 2526, 291, 0.06%, 4, 2, 14, 112.35, 543336, 5209
2806, 0, 2586, 2593, 2531, 291, 0.06%, 4, 2, 14, 132.63, 544027, 5209
2811, 0, 2586, 2595, 2533, 291, 0.06%, 4, 2, 14, 144.13, 544783, 5209
2816, 0, 2586, 2596, 2534, 291, 0.06%, 4, 2, 14, 144.86, 545514, 5209
2821, 0, 2586, 2599, 2537, 291, 0.06%, 4, 2, 14, 148.14, 546275, 5209
2826, 0, 2586, 2602, 2540, 291, 0.06%, 4, 2, 14, 154.17, 547065, 5209
2831, 0, 2586, 2605, 2543, 291, 0.06%, 4, 2, 14, 147.67, 547807, 5209
2836, 0, 2586, 2606, 2544, 291, 0.06%, 4, 2, 14, 153.08, 548581, 5209
2841, 0, 2586, 2608, 2546, 291, 0.06%, 4, 2, 14, 153.01, 549354, 5209
2846, 0, 2586, 2611, 2549, 291, 0.06%, 4, 2, 14, 151.56, 550117, 5209
2851, 0, 2586, 2613, 2551, 291, 0.06%, 4, 2, 14, 154.77, 550913, 5209
2856, 0, 2586, 2614, 2552, 291, 0.06%, 4, 2, 14, 156.28, 551705, 5209
2861, 0, 2586, 2617, 2555, 291, 0.06%, 4, 2, 14, 153.98, 552468, 5209
2866, 0, 2586, 2620, 2558, 291, 0.06%, 4, 2, 14, 149.42, 553222, 5209
2871, 0, 2586, 2621, 2559, 291, 0.06%, 4, 2, 14, 158.40, 554026, 5209
2876, 0, 2586, 2621, 2559, 291, 0.06%, 4, 2, 14, 150.80, 554779, 5209
2881, 0, 2586, 2622, 2560, 291, 0.06%, 4, 2, 14, 156.87, 555569, 5209
2887, 0, 2586, 2625, 2563, 291, 0.06%, 4, 2, 14, 153.65, 556354, 5209
2892, 0, 2595, 2625, 2562, 298, 0.06%, 4, 2, 14, 112.75, 556915, 5209
2897, 0, 2595, 2625, 2562, 298, 0.06%, 4, 2, 14, 87.62, 557330, 5209
2902, 0, 2595, 2625, 2562, 298, 0.06%, 4, 2, 14, 78.35, 557718, 5209
2907, 0, 2595, 2625, 2562, 298, 0.06%, 4, 2, 14, 80.20, 558153, 5209
2912, 0, 2595, 2625, 2562, 298, 0.06%, 4, 2, 14, 73.19, 558523, 5209
2918, 0, 2624, 2626, 2562, 297, 0.06%, 4, 2, 14, 115.12, 559160, 5209
2923, 0, 2624, 2626, 2562, 297, 0.06%, 4, 2, 14, 111.94, 559726, 5209
2928, 0, 2624, 2626, 2562, 297, 0.06%, 4, 2, 14, 117.34, 560318, 5209
2933, 0, 2624, 2626, 2562, 297, 0.06%, 4, 2, 14, 111.43, 560873, 5209
2938, 0, 2624, 2627, 2563, 297, 0.06%, 4, 2, 14, 145.32, 561658, 5209
2943, 0, 2620, 2627, 2561, 295, 0.06%, 4, 2, 14, 197.04, 562751, 5209
2948, 0, 2620, 2627, 2561, 295, 0.06%, 4, 2, 14, 156.43, 563477, 5209
2953, 0, 2620, 2627, 2561, 295, 0.06%, 4, 2, 14, 150.31, 564212, 5209
2958, 0, 2620, 2629, 2563, 295, 0.06%, 4, 2, 14, 167.35, 565046, 5209
2964, 0, 2620, 2634, 2568, 295, 0.06%, 4, 2, 14, 182.23, 566004, 5210
2969, 0, 2620, 2636, 2570, 295, 0.06%, 4, 2, 14, 186.72, 566948, 5211
2974, 0, 2620, 2639, 2573, 295, 0.06%, 4, 2, 14, 190.32, 567923, 5212
2979, 0, 2620, 2641, 2575, 295, 0.06%, 4, 2, 14, 196.11, 568939, 5212
2984, 0, 2620, 2644, 2578, 295, 0.06%, 4, 2, 14, 195.12, 569938, 5213
2989, 0, 2620, 2646, 2580, 295, 0.06%, 4, 2, 14, 197.11, 570942, 5215
2994, 0, 2620, 2646, 2580, 295, 0.06%, 4, 2, 14, 193.63, 571950, 5215
2999, 0, 2620, 2649, 2583, 295, 0.06%, 4, 2, 14, 191.61, 572907, 5215
3004, 0, 2620, 2650, 2584, 295, 0.06%, 4, 2, 14, 189.86, 573877, 5215
3010, 0, 2620, 2651, 2585, 295, 0.06%, 4, 2, 14, 187.94, 574848, 5215
3015, 0, 2645, 2651, 2584, 297, 0.06%, 4, 2, 14, 158.69, 575640, 5215
3020, 0, 2645, 2651, 2584, 297, 0.06%, 4, 2, 14, 148.78, 576390, 5215
3025, 0, 2645, 2653, 2586, 297, 0.06%, 4, 2, 14, 155.40, 577174, 5217
3030, 0, 2508, 2655, 2587, 296, 0.06%, 4, 2, 14, 181.37, 578085, 5217
3035, 0, 2508, 2655, 2587, 296, 0.06%, 4, 2, 14, 166.20, 578900, 5217
3040, 0, 2508, 2655, 2587, 296, 0.06%, 4, 2, 14, 159.19, 579698, 5217
3045, 0, 2508, 2656, 2588, 296, 0.06%, 4, 2, 14, 202.28, 580720, 5217
3050, 0, 2072, 2656, 2587, 295, 0.06%, 4, 2, 14, 165.11, 581536, 5217
3055, 0, 2072, 2656, 2587, 295, 0.06%, 4, 2, 14, 153.57, 582286, 5217
3060, 0, 2072, 2657, 2588, 295, 0.06%, 4, 2, 14, 162.82, 583095, 5217
3066, 0, 347, 2658, 2588, 294, 0.06%, 4, 2, 14, 202.20, 584114, 5217
3071, 0, 749, 2659, 2588, 293, 0.06%, 4, 2, 14, 222.42, 585241, 5217
3076, 0, 1, 2659, 2587, 292, 0.06%, 4, 2, 14, 185.19, 586097, 5217
3081, 0, 1, 2659, 2587, 292, 0.06%, 4, 2, 14, 173.08, 586970, 5217
3086, 0, 2659, 2662, 2589, 292, 0.06%, 4, 2, 14, 187.78, 587884, 5217
3091, 0, 2659, 2662, 2589, 292, 0.06%, 4, 2, 14, 177.93, 588802, 5217
3096, 0, 2659, 2662, 2589, 292, 0.06%, 4, 2, 14, 170.20, 589660, 5217
3101, 0, 2665, 2666, 2592, 292, 0.06%, 4, 2, 14, 164.69, 590574, 5219
3106, 0, 2665, 2666, 2592, 292, 0.06%, 4, 2, 14, 164.38, 591432, 5219
3112, 0, 2665, 2666, 2592, 292, 0.06%, 4, 2, 14, 166.59, 592294, 5219
3117, 0, 2665, 2671, 2597, 292, 0.06%, 4, 2, 14, 207.03, 593383, 5221
3122, 0, 2665, 2674, 2600, 292, 0.06%, 4, 2, 14, 220.86, 594508, 5221
3127, 0, 2665, 2677, 2603, 292, 0.06%, 4, 2, 14, 216.40, 595593, 5222
3132, 0, 2665, 2680, 2606, 292, 0.06%, 4, 2, 14, 217.58, 596722, 5222
3137, 0, 2665, 2684, 2610, 292, 0.06%, 4, 2, 14, 223.67, 597874, 5223
3142, 0, 2665, 2686, 2612, 292, 0.06%, 4, 2, 14, 227.96, 599072, 5223
3145, 0, 2665, 2687, 2613, 292, 0.06%, 4, 2, 14, 227.73, 599592, 5223
